    7     65     48      -     97     74      0      0      0      0   5000   1005    100      0  14123      5      0     20      6
# gpu    pwr  gtemp  mtemp     sm    mem    enc    dec    jpg    ofa   mclk   pclk  pviol  tviol     fb   bar1   ccpm  rxpci  txpci
# Idx      W      C      C      %      %      %      %      %      %    MHz    MHz      %   bool     MB     MB     MB   MB/s   MB/s
    0     66     48      -     98     63      0      0      0      0   5000   1035    100      0  14123      5      0   1671   2145
    1     70     47      -     98     65      0      0      0      0   5000   1095    100      0  14123      5      0    911    112
    2     66     49      -    100     84      0      0      0      0   5000   1035    100      0  14167      5      0   1053     88
    3     70     47      -    100     90      0      0      0      0   5000   1200    100      0  14123      5      0   1094     88
    4     63     47      -    100     94      0      0      0      0   5000   1185    100      0  14123      5      0    528    105
    5     73     49      -    100     90      0      0      0      0   5000   1155    100      0  14167      5      0    793     99
    6     63     49      -    100     93      0      0      0      0   5000   1320    100      0  14167      5      0    794    176
    7     51     48      -    100     90      0      0      0      0   5000   1515    100      0  14123      5      0   2207    202
    0     63     48      -    100     99      0      0      0      0   5000   1440    100      0  14123      5      0   2532     94
    1     41     47      -    100     91      0      0      0      0   5000   1560    100      0  14123      5      0    278      6
    2     76     49      -     97     86      0      0      0      0   5000   1125    100      0  14167      5      0     22      5
    3     66     47      -     77     57      0      0      0      0   5000   1245    100      0  14123      5      0     20      7
    4     66     47      -     65     48      0      0      0      0   5000   1170    100      0  14123      5      0     23      5
    5     66     49      -     87     83      0      0      0      0   5000   1125    100      0  14167      5      0     21      5
    6     70     49      -     93     87      0      0      0      0   5000   1140    100      0  14167      5      0     20      5
    7     71     49      -    100     93      0      0      0      0   5000   1020    100      0  14123      5      0   1586   3060
    0     72     48      -    100     91      0      0      0      0   5000   1065    100      0  14123      5      0     44      5
    1     71     47      -    100     92      0      0      0      0   5000   1080    100      0  14123      5      0     22      6
    2     68     49      -     98     72      0      0      0      0   5000    990    100      0  14167      5      0     20      5
    3     66     47      -     97     67      0      0      0      0   5000   1050    100      0  14123      5      0     26      6
    4     72     47      -     98     67      0      0      0      0   5000   1050    100      0  14123      5      0     24      6
    5     68     49      -     98     69      0      0      0      0   5000   1020    100      0  14167      5      0     23      6
    6     68     49      -    100     97      0      0      0      0   5000   1155    100      0  14167      5      0     25      6
    7     67     49      -    100     98      0      0      0      0   5000   1155    100      0  14123      5      0     23      6
    0     70     48      -    100    100      0      0      0      0   5000   1140    100      0  14123      5      0   1473    129
    1     63     47      -    100     99      0      0      0      0   5000   1245    100      0  14123      5      0   1274    164
    2     63     49      -    100     99      0      0      0      0   5000   1515    100      0  14167      5      0    938     49
    3     34     46      -    100    100      0      0      0      0   5000   1575    100      0  14123      5      0     80     13
    4     33     48      -     64     33      0      0      0      0   5000   1230    100      0  14123      5      0     25      4
    5     96     49      -     53     32      0      0      0      0   5000   1200    100      0  14167      5      0     22      6
    6     69     49      -     58     30      0      0      0      0   5000   1215    100      0  14167      5      0     21      5
    7     69     49      -     58     29      0      0      0      0   5000   1200    100      0  14123      5      0     21      5
    0     69     48      -     90     83      0      0      0      0   5000   1065    100      0  14123      5      0     34     13
    1     64     47      -    100     86      0      0      0      0   5000   1335    100      0  14123      5      0   2274   2227
    2     53     49      -    100     84      0      0      0      0   5000    915    100      0  14167      5      0   1719    136
    3     85     47      -     98     63      0      0      0      0   5000   1110    100      0  14123      5      0   1385    125
    4     72     48      -     98     62      0      0      0      0   5000   1020    100      0  14123      5      0   1808     86
    5     68     49      -    100     82      0      0      0      0   5000    990    100      0  14167      5      0   1111     87
    6     68     49      -    100     85      0      0      0      0   5000   1095    100      0  14167      5      0    671     87
    7     65     49      -    100     86      0      0      0      0   5000   1170    100      0  14123      5      0   1015    105
    0     68     48      -    100     93      0      0      0      0   5000   1110    100      0  14123      5      0     22      5
    1     64     47      -    100     90      0      0      0      0   5000   1215    100      0  14123      5      0     23      4
    2     65     49      -    100    100      0      0      0      0   5000   1110    100      0  14167      5      0     19    203
    3     41     46      -    100     91      0      0      0      0   5000   1440    100      0  14123      5      0     54     25
# gpu    pwr  gtemp  mtemp     sm    mem    enc    dec    jpg    ofa   mclk   pclk  pviol  tviol     fb   bar1   ccpm  rxpci  txpci
# Idx      W      C      C      %      %      %      %      %      %    MHz    MHz      %   bool     MB     MB     MB   MB/s   MB/s
    4     32     47      -     98     79      0      0      0      0   5000   1545    100      0  14123      5      0     20      5
    5     97     49      -     97     85      0      0      0      0   5000   1110    100      0  14167      5      0     24      6
    6     72     49      -     93     76      0      0      0      0   5000   1275    100      0  14167      5      0     25      6
    7     71     49      -     77     73      0      0      0      0   5000   1185    100      0  14123      5      0     21      5
    0     71     48      -     66     37      0      0      0      0   5000   1200    100      0  14123      5      0     21      5
    1     69     47      -     85     80      0      0      0      0   5000   1155    100      0  14123      5      0     21      5
    2     66     49      -     90     84      0      0      0      0   5000   1065    100      0  14167      5      0     33      5
    3     54     47      -    100     92      0      0      0      0   5000   1245    100      0  14123      5      0     22      5
    4     81     48      -    100     90      0      0      0      0   5000    990    100      0  14123      5      0     21      5
    5     67     49      -     97     73      0      0      0      0   5000    990    100      0  14167      5      0     26      5
    6     67     49      -     98     75      0      0      0      0   5000   1080    100      0  14167      5      0     23      6
    7     67     49      -     98     72      0      0      0      0   5000   1065    100      0  14123      5      0     24      6
    0     69     48      -    100     83      0      0      0      0   5000   1035    100      0  14123      5      0    915     87
    1     64     47      -    100     99      0      0      0      0   5000   1215    100      0  14123      5      0    736    104
    2     65     49      -    100     98      0      0      0      0   5000   1170    100      0  14167      5      0   1136    144
    3     72     47      -    100    100      0      0      0      0   5000   1275    100      0  14123      5      0    848    134
    4     37     47      -    100     99      0      0      0      0   5000   1500    100      0  14123      5      0   2192     49
    5     44     48      -    100    100      0      0      0      0   5000   1560    100      0  14167      5      0    165     15
    6     86     49      -     63     36      0      0      0      0   5000   1260    100      0  14167      5      0     23      5
    7     94     48      -     52     27      0      0      0      0   5000   1185    100      0  14123      5      0     19      6
    0     65     48      -     71     57      0      0      0      0   5000   1170    100      0  14123      5      0     23      5
    1     70     47      -     69     52      0      0      0      0   5000   1215    100      0  14123      5      0     22      5
    2     65     49      -     81     64      0      0      0      0   5000   1095    100      0  14167      5      0     19      6
    3     71     47      -     79     72      0      0      0      0   5000   1080    100      0  14123      5      0     48    957
    4     68     48      -     98     78      0      0      0      0   5000   1065    100      0  14123      5      0   1636   2913
    5     66     49      -     99     80      0      0      0      0   5000    990    100      0  14167      5      0   1208    132
    6     69     49      -     98     76      0      0      0      0   5000   1035    100      0  14167      5      0   1724   1855
    7     68     49      -     98     74      0      0      0      0   5000   1095    100      0  14123      5      0    763     83
    0     68     48      -     98     75      0      0      0      0   5000